camera_matrix:
- - 1677.8039962687951
  - 0.0
  - 629.4599875366933
- - 0.0
  - 1684.4477319715995
  - 558.7794504979779
- - 0.0
  - 0.0
  - 1.0
dist_coeff:
- - 0.21934778324374077
  - -1.5152439876841615
  - 0.005583889199728664
  - 0.004510223154619077
  - 7.009087016695263
