camera_matrix:
- - 1576.8047555474366
  - 0.0
  - 632.9278622512543
- - 0.0
  - 1575.515545635797
  - 539.3335500403698
- - 0.0
  - 0.0
  - 1.0
dist_coeff:
- - 0.13695288774913747
  - -0.8412416333979543
  - 9.852656680428965e-05
  - 0.0005211349839114367
  - 2.78748309206552
